
Scenario: 2

| Payment #|  Monthly Payment|       Interest|Towards Principle|Remaining Balance|
----------------------------------------------------------------------------------
|         0|                 |               |                 |           200000|
|         1|          1059.81|         416.67|           643.14|        199356.86|
|         2|          1059.81|         415.33|           644.48|        198712.38|
|         3|          1059.81|         413.98|           645.82|        198066.56|
|         4|          1059.81|         412.64|           647.17|        197419.39|
|         5|          1059.81|         411.29|           648.52|        196770.88|
|         6|          1059.81|         409.94|           649.87|        196121.01|
|         7|          1059.81|         408.59|           651.22|        195469.79|
|         8|          1059.81|         407.23|           652.58|        194817.21|
|         9|          1059.81|         405.87|           653.94|        194163.28|
|        10|          1059.81|         404.51|            655.3|        193507.98|
|        11|          1059.81|         403.14|           656.66|        192851.31|
|        12|          1059.81|         401.77|           658.03|        192193.28|
|        13|          1059.81|          400.4|            659.4|        191533.88|
|        14|          1059.81|         399.03|           660.78|         190873.1|
|        15|          1059.81|         397.65|           662.15|        190210.95|
|        16|          1059.81|         396.27|           663.53|        189547.42|
|        17|          1059.81|         394.89|           664.92|         188882.5|
|        18|          1059.81|         393.51|            666.3|         188216.2|
|        19|          1059.81|         392.12|           667.69|        187548.51|
|        20|          1059.81|         390.73|           669.08|        186879.43|
|        21|          1059.81|         389.33|           670.47|        186208.96|
|        22|          1059.81|         387.94|           671.87|        185537.09|
|        23|          1059.81|         386.54|           673.27|        184863.82|
|        24|          1059.81|         385.13|           674.67|        184189.14|
|        25|          1059.81|         383.73|           676.08|        183513.07|
|        26|          1059.81|         382.32|           677.49|        182835.58|
|        27|          1059.81|         380.91|            678.9|        182156.68|
|        28|          1059.81|         379.49|           680.31|        181476.37|
|        29|          1059.81|         378.08|           681.73|        180794.64|
|        30|          1059.81|         376.66|           683.15|        180111.49|
|        31|          1059.81|         375.23|           684.57|        179426.91|
|        32|          1059.81|         373.81|              686|        178740.91|
|        33|          1059.81|         372.38|           687.43|        178053.49|
|        34|          1059.81|         370.94|           688.86|        177364.62|
|        35|          1059.81|         369.51|            690.3|        176674.33|
|        36|          1059.81|         368.07|           691.73|        175982.59|
|        37|          1059.81|         366.63|           693.18|        175289.42|
|        38|          1059.81|         365.19|           694.62|         174594.8|
|        39|          1059.81|         363.74|           696.07|        173898.73|
|        40|          1059.81|         362.29|           697.52|        173201.22|
|        41|          1059.81|         360.84|           698.97|        172502.25|
|        42|          1059.81|         359.38|           700.43|        171801.82|
|        43|          1059.81|         357.92|           701.89|        171099.93|
|        44|          1059.81|         356.46|           703.35|        170396.59|
|        45|          1059.81|         354.99|           704.81|        169691.77|
|        46|          1059.81|         353.52|           706.28|        168985.49|
|        47|          1059.81|         352.05|           707.75|        168277.74|
|        48|          1059.81|         350.58|           709.23|        167568.51|
|        49|          1059.81|          349.1|            710.7|        166857.81|
|        50|          1059.81|         347.62|           712.19|        166145.62|
|        51|          1059.81|         346.14|           713.67|        165431.95|
|        52|          1059.81|         344.65|           715.16|         164716.8|
|        53|          1059.81|         343.16|           716.65|        164000.15|
|        54|          1059.81|         341.67|           718.14|        163282.01|
|        55|          1059.81|         340.17|           719.63|        162562.38|
|        56|          1059.81|         338.67|           721.13|        161841.24|
|        57|          1059.81|         337.17|           722.64|        161118.61|
|        58|          1059.81|         335.66|           724.14|        160394.47|
|        59|          1059.81|         334.16|           725.65|        159668.81|
|        60|          1059.81|         332.64|           727.16|        158941.65|
|        61|          1059.81|         331.13|           728.68|        158212.97|
|        62|          1059.81|         329.61|            730.2|        157482.78|
|        63|          1059.81|         328.09|           731.72|        156751.06|
|        64|          1059.81|         326.56|           733.24|        156017.82|
|        65|          1059.81|         325.04|           734.77|        155283.05|
|        66|          1059.81|         323.51|            736.3|        154546.75|
|        67|          1059.81|         321.97|           737.83|        153808.92|
|        68|          1059.81|         320.44|           739.37|        153069.55|
|        69|          1059.81|         318.89|           740.91|        152328.64|
|        70|          1059.81|         317.35|           742.45|        151586.18|
|        71|          1059.81|          315.8|              744|        150842.18|
|        72|          1059.81|         314.25|           745.55|        150096.63|
|        73|          1059.81|          312.7|            747.1|        149349.53|
|        74|          1059.81|         311.14|           748.66|        148600.87|
|        75|          1059.81|         309.59|           750.22|        147850.65|
|        76|          1059.81|         308.02|           751.78|        147098.86|
|        77|          1059.81|         306.46|           753.35|        146345.51|
|        78|          1059.81|         304.89|           754.92|        145590.59|
|        79|          1059.81|         303.31|           756.49|         144834.1|
|        80|          1059.81|         301.74|           758.07|        144076.03|
|        81|          1059.81|         300.16|           759.65|        143316.39|
|        82|          1059.81|         298.58|           761.23|        142555.16|
|        83|          1059.81|         296.99|           762.82|        141792.34|
|        84|          1059.81|          295.4|           764.41|        141027.93|
|        85|          1059.81|         293.81|              766|        140261.94|
|        86|          1059.81|         292.21|           767.59|        139494.34|
|        87|          1059.81|         290.61|           769.19|        138725.15|
|        88|          1059.81|         289.01|            770.8|        137954.36|
|        89|          1059.81|          287.4|            772.4|        137181.96|
|        90|          1059.81|          285.8|           774.01|        136407.95|
|        91|          1059.81|         284.18|           775.62|        135632.32|
|        92|          1059.81|         282.57|           777.24|        134855.08|
|        93|          1059.81|         280.95|           778.86|        134076.23|
|        94|          1059.81|         279.33|           780.48|        133295.75|
|        95|          1059.81|          277.7|           782.11|        132513.64|
|        96|          1059.81|         276.07|           783.74|         131729.9|
|        97|          1059.81|         274.44|           785.37|        130944.54|
|        98|          1059.81|          272.8|              787|        130157.53|
|        99|          1059.81|         271.16|           788.64|        129368.89|
|       100|          1059.81|         269.52|           790.29|         128578.6|
|       101|          1059.81|         267.87|           791.93|        127786.67|
|       102|          1059.81|         266.22|           793.58|        126993.08|
|       103|          1059.81|         264.57|           795.24|        126197.85|
|       104|          1059.81|         262.91|           796.89|        125400.95|
|       105|          1059.81|         261.25|           798.55|         124602.4|
|       106|          1059.81|         259.59|           800.22|        123802.18|
|       107|          1059.81|         257.92|           801.88|         123000.3|
|       108|          1059.81|         256.25|           803.56|        122196.74|
|       109|          1059.81|         254.58|           805.23|        121391.51|
|       110|          1059.81|          252.9|           806.91|         120584.6|
|       111|          1059.81|         251.22|           808.59|        119776.02|
|       112|          1059.81|         249.53|           810.27|        118965.74|
|       113|          1059.81|         247.85|           811.96|        118153.78|
|       114|          1059.81|         246.15|           813.65|        117340.13|
|       115|          1059.81|         244.46|           815.35|        116524.78|
|       116|          1059.81|         242.76|           817.05|        115707.74|
|       117|          1059.81|         241.06|           818.75|        114888.99|
|       118|          1059.81|         239.35|           820.45|        114068.54|
|       119|          1059.81|         237.64|           822.16|        113246.37|
|       120|          1059.81|         235.93|           823.88|         112422.5|
|       121|          1059.81|         234.21|           825.59|        111596.91|
|       122|          1059.81|         232.49|           827.31|        110769.59|
|       123|          1059.81|         230.77|           829.04|        109940.56|
|       124|          1059.81|         229.04|           830.76|         109109.8|
|       125|          1059.81|         227.31|           832.49|         108277.3|
|       126|          1059.81|         225.58|           834.23|        107443.07|
|       127|          1059.81|         223.84|           835.97|        106607.11|
|       128|          1059.81|          222.1|           837.71|         105769.4|
|       129|          1059.81|         220.35|           839.45|        104929.95|
|       130|          1059.81|          218.6|            841.2|        104088.74|
|       131|          1059.81|         216.85|           842.95|        103245.79|
|       132|          1059.81|          215.1|           844.71|        102401.08|
|       133|          1059.81|         213.34|           846.47|        101554.61|
|       134|          1059.81|         211.57|           848.23|        100706.38|
|       135|          1059.81|          209.8|              850|         99856.38|
|       136|          1059.81|         208.03|           851.77|          99004.6|
|       137|          1059.81|         206.26|           853.55|         98151.06|
|       138|          1059.81|         204.48|           855.32|         97295.73|
|       139|          1059.81|          202.7|           857.11|         96438.63|
|       140|          1059.81|         200.91|           858.89|         95579.73|
|       141|          1059.81|         199.12|           860.68|         94719.05|
|       142|          1059.81|         197.33|           862.47|         93856.58|
|       143|          1059.81|         195.53|           864.27|         92992.31|
|       144|          1059.81|         193.73|           866.07|         92126.24|
|       145|          1059.81|         191.93|           867.88|         91258.36|
|       146|          1059.81|         190.12|           869.68|         90388.68|
|       147|          1059.81|         188.31|            871.5|         89517.18|
|       148|          1059.81|         186.49|           873.31|         88643.87|
|       149|          1059.81|         184.67|           875.13|         87768.74|
|       150|          1059.81|         182.85|           876.95|         86891.78|
|       151|          1059.81|         181.02|           878.78|            86013|
|       152|          1059.81|         179.19|           880.61|         85132.39|
|       153|          1059.81|         177.36|           882.45|         84249.94|
|       154|          1059.81|         175.52|           884.29|         83365.66|
|       155|          1059.81|         173.68|           886.13|         82479.53|
|       156|          1059.81|         171.83|           887.97|         81591.56|
|       157|          1059.81|         169.98|           889.82|         80701.73|
|       158|          1059.81|         168.13|           891.68|         79810.06|
|       159|          1059.81|         166.27|           893.53|         78916.52|
|       160|          1059.81|         164.41|            895.4|         78021.13|
|       161|          1059.81|         162.54|           897.26|         77123.86|
|       162|          1059.81|         160.67|           899.13|         76224.73|
|       163|          1059.81|          158.8|              901|         75323.73|
|       164|          1059.81|         156.92|           902.88|         74420.85|
|       165|          1059.81|         155.04|           904.76|         73516.08|
|       166|          1059.81|         153.16|           906.65|         72609.44|
|       167|          1059.81|         151.27|           908.54|          71700.9|
|       168|          1059.81|         149.38|           910.43|         70790.47|
|       169|          1059.81|         147.48|           912.33|         69878.15|
|       170|          1059.81|         145.58|           914.23|         68963.92|
|       171|          1059.81|         143.67|           916.13|         68047.79|
|       172|          1059.81|         141.77|           918.04|         67129.75|
|       173|          1059.81|         139.85|           919.95|          66209.8|
|       174|          1059.81|         137.94|           921.87|         65287.93|
|       175|          1059.81|         136.02|           923.79|         64364.14|
|       176|          1059.81|         134.09|           925.71|         63438.43|
|       177|          1059.81|         132.16|           927.64|         62510.78|
|       178|          1059.81|         130.23|           929.57|         61581.21|
|       179|          1059.81|         128.29|           931.51|          60649.7|
|       180|          1059.81|         126.35|           933.45|         59716.24|
|       181|          1059.81|         124.41|            935.4|         58780.85|
|       182|          1059.81|         122.46|           937.35|          57843.5|
|       183|          1059.81|         120.51|            939.3|          56904.2|
|       184|          1059.81|         118.55|           941.26|         55962.95|
|       185|          1059.81|         116.59|           943.22|         55019.73|
|       186|          1059.81|         114.62|           945.18|         54074.55|
|       187|          1059.81|         112.66|           947.15|          53127.4|
|       188|          1059.81|         110.68|           949.12|         52178.28|
|       189|          1059.81|          108.7|            951.1|         51227.18|
|       190|          1059.81|         106.72|           953.08|         50274.09|
|       191|          1059.81|         104.74|           955.07|         49319.02|
|       192|          1059.81|         102.75|           957.06|         48361.97|
|       193|          1059.81|         100.75|           959.05|         47402.92|
|       194|          1059.81|          98.76|           961.05|         46441.87|
|       195|          1059.81|          96.75|           963.05|         45478.81|
|       196|          1059.81|          94.75|           965.06|         44513.76|
|       197|          1059.81|          92.74|           967.07|         43546.69|
|       198|          1059.81|          90.72|           969.08|          42577.6|
|       199|          1059.81|           88.7|            971.1|          41606.5|
|       200|          1059.81|          86.68|           973.13|         40633.37|
|       201|          1059.81|          84.65|           975.15|         39658.22|
|       202|          1059.81|          82.62|           977.18|         38681.04|
|       203|          1059.81|          80.59|           979.22|         37701.82|
|       204|          1059.81|          78.55|           981.26|         36720.56|
|       205|          1059.81|           76.5|            983.3|         35737.25|
|       206|          1059.81|          74.45|           985.35|          34751.9|
|       207|          1059.81|           72.4|           987.41|         33764.49|
|       208|          1059.81|          70.34|           989.46|         32775.03|
|       209|          1059.81|          68.28|           991.52|         31783.51|
|       210|          1059.81|          66.22|           993.59|         30789.92|
|       211|          1059.81|          64.15|           995.66|         29794.26|
|       212|          1059.81|          62.07|           997.73|         28796.52|
|       213|          1059.81|          59.99|           999.81|         27796.71|
|       214|          1059.81|          57.91|           1001.9|         26794.81|
|       215|          1059.81|          55.82|          1003.98|         25790.83|
|       216|          1059.81|          53.73|          1006.07|         24784.75|
|       217|          1059.81|          51.63|          1008.17|         23776.58|
|       218|          1059.81|          49.53|          1010.27|         22766.31|
|       219|          1059.81|          47.43|          1012.38|         21753.94|
|       220|          1059.81|          45.32|          1014.49|         20739.45|
|       221|          1059.81|          43.21|           1016.6|         19722.85|
|       222|          1059.81|          41.09|          1018.72|         18704.14|
|       223|          1059.81|          38.97|          1020.84|          17683.3|
|       224|          1059.81|          36.84|          1022.97|         16660.33|
|       225|          1059.81|          34.71|           1025.1|         15635.23|
|       226|          1059.81|          32.57|          1027.23|            14608|
|       227|          1059.81|          30.43|          1029.37|         13578.63|
|       228|          1059.81|          28.29|          1031.52|         12547.11|
|       229|          1059.81|          26.14|          1033.67|         11513.45|
|       230|          1059.81|          23.99|          1035.82|         10477.63|
|       231|          1059.81|          21.83|          1037.98|          9439.65|
|       232|          1059.81|          19.67|          1040.14|          8399.51|
|       233|          1059.81|           17.5|          1042.31|           7357.2|
|       234|          1059.81|          15.33|          1044.48|          6312.72|
|       235|          1059.81|          13.15|          1046.65|          5266.07|
|       236|          1059.81|          10.97|          1048.83|          4217.24|
|       237|          1059.81|           8.79|          1051.02|          3166.22|
|       238|          1059.81|            6.6|          1053.21|          2113.01|
|       239|          1059.81|            4.4|           1055.4|           1057.6|
|       240|          1059.81|            2.2|           1057.6|                0|
----------------------------------------------------------------------------------

Total Interst Paid: 54353.33

----------------------------------------------------------------------------------

